4 0.5599999999999999 6.24
5 0.86 7.2
6 1.16 7.2
7 1.64 6.959999999999999
8 1.8399999999999999 8.28
9 2.5200000000000005 8.64
10 3.5200000000000005 9.0
11 4.779999999999999 10.1
12 4.74 11.5
13 5.36 9.86
14 4.62 10.780000000000001
15 6.779999999999999 11.620000000000001
16 6.480000000000001 12.919999999999998
17 7.0 14.180000000000001
18 8.36 14.38
19 9.760000000000002 15.5
20 9.500000000000002 16.12
21 11.84 17.4
22 11.280000000000001 18.02
23 12.22 17.66
24 14.16 20.300000000000004
25 15.24 21.360000000000003
26 17.34 21.7
27 17.48 22.9
28 18.34 23.62
29 20.300000000000004 23.76
30 21.8 27.46
31 21.22 25.76
32 20.52 26.220000000000006
33 25.959999999999997 29.860000000000003
