6.500000000000000000e+00
6.821999999999999176e+00
6.918599999999999639e+00
7.073579999999999757e+00
8.492073999999998790e+00
8.987622200000000561e+00
9.570286659999998946e+00
9.969085998000000615e+00
1.059272579940000014e+01
1.054181773981999903e+01
1.070854532194599962e+01
1.320856359658380086e+01
1.208256907897514054e+01
1.245877072369254179e+01
1.366363121710776340e+01
1.410908936513233058e+01
1.494272680953969967e+01
1.666281804286190749e+01
1.713684541285857676e+01
1.820305362385757419e+01
1.957291608715727094e+01
2.036187482614717936e+01
2.072456244784415347e+01
2.207936873435324898e+01
2.328381062030597803e+01
2.431714318609179060e+01
2.534114295582753584e+01
2.637634288674825811e+01
2.642090286602447335e+01
2.726027085980733844e+01
2.968208125794220109e+01
3.245262437738266215e+01
3.529978731321479302e+01
3.786193619396443921e+01
4.043658085818933046e+01
4.423297425745679590e+01
4.706589227723704028e+01
4.959576768317111117e+01
5.224473030495134651e+01
5.506941909148540759e+01
5.818482572744562020e+01
5.909144771823368103e+01
6.340943431547011500e+01
6.499883029464102435e+01
6.744964908839232010e+01
6.915089472651769142e+01
7.205526841795530402e+01
